$ 1 0.000005 382.76258214399064 50 5 43
409 -128 144 -32 144 1 0.6 -9.953828984844616 0.0231 0
409 112 144 208 144 1 0.6 -4.00118165484824 0.0231 0
409 352 144 448 144 1 0.6 -4.283506251584495 0.0231 0
v -272 128 -272 80 0 0 40 5 0 0 0.5
v -272 176 -272 128 0 0 40 5 0 0 0.5
w -272 80 -80 80 0
w -80 80 160 80 0
w 160 80 400 80 0
w -272 176 -272 208 0
w -272 208 -80 208 0
w -80 208 160 208 0
w 160 208 400 208 0
w -80 80 -80 112 0
w 160 80 160 112 0
w 400 80 400 112 0
w -80 176 -80 208 0
w 160 176 160 208 0
w 400 176 400 208 0
w -128 160 -144 160 0
w -144 160 -144 256 0
w 112 160 96 160 0
w 96 160 96 256 0
w 352 160 336 160 0
w 336 160 336 256 0
w 336 256 96 256 0
w 96 256 -144 256 0
w -144 256 -320 256 0
w -320 256 -320 128 0
w -320 128 -272 128 0
w 448 144 496 144 0
w 496 144 496 16 0
w 496 16 -144 16 0
w -144 16 -144 128 0
w -144 128 -128 128 0
c 144 48 176 48 0 0.000001 0.23291459345904544
c 384 48 416 48 0 0.000001 0.1651799149392815
w 112 128 96 128 0
w 96 128 96 48 0
w 96 48 144 48 0
w 176 48 208 48 0
w 208 48 208 144 0
w 352 128 336 128 0
w 336 128 336 48 0
w 352 48 384 48 0
w 336 48 352 48 0
w 416 48 432 48 0
w 432 48 448 48 0
w 448 48 448 144 0
174 48 128 16 192 1 100000 0.10400000000000001 Resistance
174 288 128 256 192 1 100000 0.10400000000000001 Resistance
w -32 144 -16 144 0
w -16 144 -16 160 0
w -16 160 16 160 0
w 48 128 96 128 0
w 208 144 224 144 0
w 224 144 224 160 0
w 224 160 256 160 0
w 288 128 336 128 0
r 112 -16 192 -16 0 100000
r 352 -16 432 -16 0 100000
w 96 48 96 -16 0
w 96 -16 112 -16 0
w 192 -16 208 -16 0
w 208 -16 208 48 0
w 336 48 336 -16 0
w 336 -16 352 -16 0
w 432 -16 448 -16 0
w 448 -16 448 48 0
o 51 4 0 4106 10 0.1 0 2 51 3
o 55 64 0 4106 5 0.1 1 2 55 3
o 47 8 0 4106 0.625 0.1 2 2 47 3
